<?xml version="1.0" encoding="utf-8"?>
<COLLADA xmlns="http://www.collada.org/2005/11/COLLADASchema" version="1.4.1">
  <asset><contributor><author>Mixamo</author><authoring_tool>COLLADA Mixamo exporter</authoring_tool><comments></comments></contributor><created>2020-11-23T11:44:18Z</created><modified>2020-11-23T11:44:18Z</modified><revision></revision><title></title><unit meter="0.010000"/><up_axis>Y_UP</up_axis></asset>
  <library_animations>
    <animation id="Hips-anim" name="Hips"><source id="Hips-Matrix-animation-input"><float_array id="Hips-Matrix-animation-input-array" count="159">

0.000000 0.033333 0.066667 0.100000 0.133333 0.166667 0.200000 0.233333 0.266667 0.300000 0.333333 0.366667 0.400000 0.433333 0.466667 0.500000
0.533333 0.566667 0.600000 0.633333 0.666667 0.700000 0.733333 0.766667 0.800000 0.833333 0.866667 0.900000 0.933333 0.966667 1.000000 1.033333
1.066667 1.100000 1.133333 1.166667 1.200000 1.233333 1.266667 1.300000 1.333333 1.366667 1.400000 1.433333 1.466667 1.500000 1.533333 1.566667
1.600000 1.633333 1.666667 1.700000 1.733333 1.766667 1.800000 1.833333 1.866667 1.900000 1.933333 1.966667 2.000000 2.033333 2.066667 2.100000
2.133333 2.166667 2.200000 2.233333 2.266667 2.300000 2.333333 2.366667 2.400000 2.433333 2.466667 2.500000 2.533333 2.566667 2.600000 2.633333
2.666667 2.700000 2.733333 2.766667 2.800000 2.833333 2.866667 2.900000 2.933333 2.966667 3.000000 3.033333 3.066667 3.100000 3.133333 3.166667
3.200000 3.233333 3.266667 3.300000 3.333333 3.366667 3.400000 3.433333 3.466667 3.500000 3.533333 3.566667 3.600000 3.633333 3.666667 3.700000
3.733333 3.766667 3.800000 3.833333 3.866667 3.900000 3.933333 3.966667 4.000000 4.033333 4.066667 4.100000 4.133333 4.166667 4.200000 4.233333
4.266667 4.300000 4.333333 4.366667 4.400000 4.433333 4.466667 4.500000 4.533333 4.566667 4.600000 4.633333 4.666667 4.700000 4.733333 4.766667
4.800000 4.833333 4.866667 4.900000 4.933333 4.966667 5.000000 5.033333 5.066667 5.100000 5.133333 5.166667 5.200000 5.233333 5.266667</float_array><technique_common><accessor source="#Hips-Matrix-animation-input-array" count="159"><param name="TIME" type="float"/></accessor></technique_common></source><source id="Hips-Matrix-animation-output-transform"><float_array id="Hips-Matrix-animation-output-transform-array" count="2544">

0.999763 0.021773 -0.000379 0.359939 -0.021771 0.999753 0.004412 78.122765 0.000475 -0.004403 0.999990 0.742460 0.000000 0.000000 0.000000 1.000000
0.999757 0.022057 -0.000238 0.359323 -0.022056 0.999750 0.003704 78.109818 0.000320 -0.003698 0.999993 0.769454 0.000000 0.000000 0.000000 1.000000
0.999750 0.022342 -0.000098 0.358706 -0.022342 0.999746 0.002997 78.096878 0.000165 -0.002994 0.999996 0.796447 0.000000 0.000000 0.000000 1.000000
0.999745 0.022565 0.000099 0.355914 -0.022565 0.999743 0.002278 78.088348 -0.000048 -0.002279 0.999997 0.824451 0.000000 0.000000 0.000000 1.000000
0.999744 0.022627 0.000480 0.347779 -0.022627 0.999743 0.001494 78.091339 -0.000446 -0.001505 0.999999 0.852524 0.000000 0.000000 0.000000 1.000000
0.999744 0.022625 0.000844 0.336914 -0.022626 0.999744 0.000769 78.098518 -0.000827 -0.000788 0.999999 0.886685 0.000000 0.000000 0.000000 1.000000
0.999743 0.022665 0.001044 0.326629 -0.022665 0.999743 0.000175 78.101189 -0.001040 -0.000199 0.999999 0.928424 0.000000 0.000000 0.000000 1.000000
0.999742 0.022703 0.001220 0.316079 -0.022702 0.999742 -0.000389 78.102852 -0.001229 0.000361 0.999999 0.971672 0.000000 0.000000 0.000000 1.000000
0.999740 0.022745 0.001369 0.305526 -0.022743 0.999741 -0.000934 78.104652 -0.001390 0.000903 0.999999 1.016542 0.000000 0.000000 0.000000 1.000000
0.999739 0.022796 0.001490 0.295231 -0.022794 0.999739 -0.001469 78.107689 -0.001523 0.001434 0.999998 1.063149 0.000000 0.000000 0.000000 1.000000
0.999737 0.022863 0.001580 0.285454 -0.022860 0.999737 -0.002002 78.113106 -0.001626 0.001966 0.999997 1.111605 0.000000 0.000000 0.000000 1.000000
0.999733 0.023079 0.001291 0.280331 -0.023075 0.999731 -0.002451 78.140350 -0.001348 0.002421 0.999996 1.183200 0.000000 0.000000 0.000000 1.000000
0.999728 0.023325 0.000849 0.276455 -0.023323 0.999725 -0.002245 78.188370 -0.000901 0.002225 0.999997 1.263298 0.000000 0.000000 0.000000 1.000000
0.999721 0.023599 0.000352 0.273697 -0.023598 0.999720 -0.001965 78.242989 -0.000398 0.001956 0.999998 1.347065 0.000000 0.000000 0.000000 1.000000
0.999713 0.023974 -0.000267 0.275281 -0.023974 0.999711 -0.001967 78.309814 0.000219 0.001973 0.999998 1.440679 0.000000 0.000000 0.000000 1.000000
0.999705 0.024265 -0.001436 0.282406 -0.024270 0.999700 -0.003168 78.376404 0.001358 0.003202 0.999994 1.547389 0.000000 0.000000 0.000000 1.000000
0.999695 0.024564 -0.002698 0.292324 -0.024577 0.999687 -0.004681 78.443794 0.002582 0.004746 0.999985 1.660187 0.000000 0.000000 0.000000 1.000000
0.999680 0.024997 -0.003876 0.310669 -0.025022 0.999665 -0.006563 78.515404 0.003711 0.006657 0.999971 1.790333 0.000000 0.000000 0.000000 1.000000
0.999654 0.026004 -0.003839 0.338653 -0.026035 0.999626 -0.008345 78.576134 0.003621 0.008442 0.999958 1.931393 0.000000 0.000000 0.000000 1.000000
0.999619 0.027500 -0.002410 0.375598 -0.027523 0.999571 -0.010059 78.622574 0.002133 0.010122 0.999946 2.082019 0.000000 0.000000 0.000000 1.000000
0.999589 0.028672 -0.000773 0.412147 -0.028679 0.999524 -0.011355 78.659744 0.000447 0.011373 0.999935 2.245142 0.000000 0.000000 0.000000 1.000000
0.999588 0.028705 0.000638 0.442820 -0.028696 0.999521 -0.011584 78.685623 -0.000970 0.011561 0.999933 2.433546 0.000000 0.000000 0.000000 1.000000
0.999598 0.028286 0.001995 0.470786 -0.028262 0.999536 -0.011359 78.694481 -0.002315 0.011298 0.999933 2.637776 0.000000 0.000000 0.000000 1.000000
0.999607 0.027807 0.003439 0.496681 -0.027768 0.999554 -0.010955 78.676895 -0.003742 0.010856 0.999934 2.855360 0.000000 0.000000 0.000000 1.000000
0.999615 0.027346 0.004622 0.522632 -0.027295 0.999570 -0.010758 78.641891 -0.004915 0.010627 0.999931 3.078131 0.000000 0.000000 0.000000 1.000000
0.999618 0.027107 0.005332 0.546476 -0.027045 0.999570 -0.011325 78.602592 -0.005637 0.011176 0.999922 3.296220 0.000000 0.000000 0.000000 1.000000
0.999618 0.027118 0.005307 0.581719 -0.027050 0.999557 -0.012415 78.537300 -0.005641 0.012267 0.999909 3.512260 0.000000 0.000000 0.000000 1.000000
0.999614 0.027405 0.004489 0.636254 -0.027340 0.999530 -0.013853 78.435448 -0.004867 0.013724 0.999894 3.726390 0.000000 0.000000 0.000000 1.000000
0.999608 0.027796 0.003390 0.696957 -0.027741 0.999496 -0.015455 78.320053 -0.003818 0.015354 0.999875 3.939833 0.000000 0.000000 0.000000 1.000000
0.999600 0.028207 0.002112 0.761065 -0.028167 0.999457 -0.017085 78.202492 -0.002592 0.017019 0.999852 4.152742 0.000000 0.000000 0.000000 1.000000
0.999592 0.028555 0.000756 0.825813 -0.028536 0.999420 -0.018608 78.094101 -0.001287 0.018579 0.999827 4.365269 0.000000 0.000000 0.000000 1.000000
0.999590 0.028582 -0.001484 0.902460 -0.028606 0.999400 -0.019544 78.037209 0.000924 0.019578 0.999808 4.574189 0.000000 0.000000 0.000000 1.000000
0.999593 0.028274 -0.003790 0.976805 -0.028344 0.999399 -0.019935 78.018883 0.003224 0.020035 0.999794 4.786408 0.000000 0.000000 0.000000 1.000000
0.999593 0.027880 -0.005967 1.050901 -0.027995 0.999406 -0.020104 78.016060 0.005403 0.020263 0.999780 4.998463 0.000000 0.000000 0.000000 1.000000
0.999597 0.027400 -0.007438 1.126047 -0.027542 0.999427 -0.019697 78.052177 0.006894 0.019894 0.999778 5.206397 0.000000 0.000000 0.000000 1.000000
0.999604 0.026886 -0.008291 1.201473 -0.027039 0.999456 -0.018897 78.122719 0.007779 0.019114 0.999787 5.412790 0.000000 0.000000 0.000000 1.000000
0.999607 0.026426 -0.009346 1.273837 -0.026589 0.999490 -0.017679 78.221550 0.008874 0.017921 0.999800 5.596600 0.000000 0.000000 0.000000 1.000000
0.999601 0.026081 -0.010860 1.340807 -0.026252 0.999529 -0.015909 78.352547 0.010440 0.016188 0.999814 5.751725 0.000000 0.000000 0.000000 1.000000
0.999591 0.025776 -0.012402 1.406101 -0.025949 0.999566 -0.013964 78.492699 0.012037 0.014280 0.999826 5.904492 0.000000 0.000000 0.000000 1.000000
0.999576 0.025488 -0.014070 1.470863 -0.025657 0.999599 -0.011955 78.637970 0.013759 0.012311 0.999830 6.048625 0.000000 0.000000 0.000000 1.000000
0.999555 0.025189 -0.015959 1.536238 -0.025350 0.999629 -0.009996 78.784309 0.015701 0.010397 0.999823 6.177845 0.000000 0.000000 0.000000 1.000000
0.999526 0.024854 -0.018165 1.603368 -0.025006 0.999654 -0.008201 78.927673 0.017955 0.008651 0.999801 6.285877 0.000000 0.000000 0.000000 1.000000
0.999476 0.024474 -0.021191 1.676367 -0.024618 0.999675 -0.006561 79.066406 0.021024 0.007079 0.999754 6.363146 0.000000 0.000000 0.000000 1.000000
0.999400 0.024063 -0.024900 1.753474 -0.024195 0.999695 -0.005039 79.203644 0.024772 0.005638 0.999677 6.410652 0.000000 0.000000 0.000000 1.000000
0.999317 0.023623 -0.028429 1.827021 -0.023738 0.999711 -0.003697 79.342575 0.028333 0.004370 0.999589 6.437975 0.000000 0.000000 0.000000 1.000000
0.999254 0.023152 -0.030914 1.889343 -0.023243 0.999726 -0.002599 79.486366 0.030845 0.003316 0.999519 6.454697 0.000000 0.000000 0.000000 1.000000
0.999223 0.022690 -0.032235 1.945581 -0.022756 0.999740 -0.001661 79.638496 0.032189 0.002393 0.999479 6.463803 0.000000 0.000000 0.000000 1.000000
0.999209 0.022244 -0.032960 2.001130 -0.022283 0.999751 -0.000811 79.796715 0.032934 0.001544 0.999456 6.462988 0.000000 0.000000 0.000000 1.000000
0.999210 0.021752 -0.033258 2.048701 -0.021769 0.999763 -0.000127 79.955536 0.033248 0.000851 0.999447 6.453890 0.000000 0.000000 0.000000 1.000000
0.999222 0.021154 -0.033297 2.081002 -0.021156 0.999776 0.000309 80.109497 0.033296 0.000396 0.999445 6.438150 0.000000 0.000000 0.000000 1.000000
0.999239 0.020390 -0.033247 2.090744 -0.020387 0.999792 0.000418 80.253128 0.033248 0.000260 0.999447 6.417408 0.000000 0.000000 0.000000 1.000000
0.999260 0.019430 -0.033188 2.084544 -0.019432 0.999811 0.000251 80.390099 0.033187 0.000394 0.999449 6.394649 0.000000 0.000000 0.000000 1.000000
0.999285 0.018320 -0.033088 2.073888 -0.018332 0.999832 -0.000064 80.527214 0.033082 0.000671 0.999452 6.371450 0.000000 0.000000 0.000000 1.000000
0.999311 0.017110 -0.032943 2.058789 -0.017136 0.999853 -0.000493 80.663696 0.032929 0.001058 0.999457 6.347349 0.000000 0.000000 0.000000 1.000000
0.999338 0.015852 -0.032746 2.039261 -0.015894 0.999873 -0.001002 80.798752 0.032726 0.001521 0.999463 6.321878 0.000000 0.000000 0.000000 1.000000
0.999365 0.014597 -0.032495 2.015317 -0.014655 0.999891 -0.001554 80.931625 0.032469 0.002030 0.999471 6.294574 0.000000 0.000000 0.000000 1.000000
0.999392 0.013395 -0.032184 1.986971 -0.013470 0.999907 -0.002117 81.061546 0.032152 0.002550 0.999480 6.264970 0.000000 0.000000 0.000000 1.000000
0.999418 0.012298 -0.031809 1.954236 -0.012389 0.999920 -0.002656 81.187721 0.031774 0.003048 0.999490 6.232602 0.000000 0.000000 0.000000 1.000000
0.999443 0.011357 -0.031368 1.917127 -0.011461 0.999929 -0.003135 81.309395 0.031330 0.003493 0.999503 6.197003 0.000000 0.000000 0.000000 1.000000
0.999467 0.010622 -0.030856 1.875655 -0.010736 0.999936 -0.003522 81.425774 0.030817 0.003851 0.999518 6.157708 0.000000 0.000000 0.000000 1.000000
0.999490 0.010145 -0.030270 1.829836 -0.010264 0.999940 -0.003781 81.536102 0.030230 0.004089 0.999535 6.114253 0.000000 0.000000 0.000000 1.000000
0.999514 0.010076 -0.029508 1.772990 -0.010195 0.999941 -0.003875 81.636520 0.029468 0.004174 0.999557 6.062791 0.000000 0.000000 0.000000 1.000000
0.999539 0.010453 -0.028519 1.701354 -0.010566 0.999937 -0.003819 81.725220 0.028477 0.004119 0.999586 6.001545 0.000000 0.000000 0.000000 1.000000
0.999563 0.011152 -0.027374 1.619317 -0.011256 0.999930 -0.003656 81.804482 0.027331 0.003963 0.999619 5.933146 0.000000 0.000000 0.000000 1.000000
0.999586 0.012051 -0.026145 1.531268 -0.012145 0.999920 -0.003429 81.876579 0.026102 0.003745 0.999652 5.860226 0.000000 0.000000 0.000000 1.000000
0.999605 0.013029 -0.024904 1.441596 -0.013112 0.999909 -0.003179 81.943810 0.024860 0.003504 0.999685 5.785417 0.000000 0.000000 0.000000 1.000000
0.999621 0.013963 -0.023723 1.354690 -0.014037 0.999897 -0.002947 82.008446 0.023679 0.003279 0.999714 5.711351 0.000000 0.000000 0.000000 1.000000
0.999634 0.014733 -0.022674 1.274937 -0.014800 0.999887 -0.002775 82.072777 0.022630 0.003110 0.999739 5.640661 0.000000 0.000000 0.000000 1.000000
0.999627 0.015328 -0.022607 1.232137 -0.015393 0.999878 -0.002713 82.055603 0.022563 0.003060 0.999741 5.569252 0.000000 0.000000 0.000000 1.000000
0.999634 0.015492 -0.022194 1.196627 -0.015567 0.999874 -0.003213 82.040199 0.022141 0.003558 0.999749 5.502664 0.000000 0.000000 0.000000 1.000000
0.999661 0.015325 -0.021047 1.177886 -0.015419 0.999872 -0.004315 82.036278 0.020978 0.004638 0.999769 5.447038 0.000000 0.000000 0.000000 1.000000
0.999691 0.015100 -0.019760 1.162485 -0.015212 0.999869 -0.005523 82.034500 0.019674 0.005822 0.999790 5.393580 0.000000 0.000000 0.000000 1.000000
0.999719 0.014918 -0.018442 1.150213 -0.015043 0.999865 -0.006645 82.032555 0.018341 0.006920 0.999808 5.341927 0.000000 0.000000 0.000000 1.000000
0.999743 0.014966 -0.017010 1.153517 -0.015092 0.999860 -0.007273 82.029022 0.016898 0.007528 0.999829 5.299175 0.000000 0.000000 0.000000 1.000000
0.999761 0.015048 -0.015880 1.159388 -0.015172 0.999855 -0.007749 82.017235 0.015761 0.007988 0.999844 5.261626 0.000000 0.000000 0.000000 1.000000
0.999770 0.015188 -0.015166 1.166651 -0.015313 0.999850 -0.008130 82.008194 0.015040 0.008360 0.999852 5.226935 0.000000 0.000000 0.000000 1.000000
0.999768 0.015413 -0.015071 1.173627 -0.015540 0.999844 -0.008375 82.010742 0.014940 0.008607 0.999851 5.201348 0.000000 0.000000 0.000000 1.000000
0.999760 0.015680 -0.015270 1.181356 -0.015812 0.999838 -0.008565 82.016762 0.015133 0.008805 0.999847 5.177319 0.000000 0.000000 0.000000 1.000000
0.999749 0.016000 -0.015705 1.194823 -0.016139 0.999831 -0.008796 82.015938 0.015561 0.009047 0.999838 5.136098 0.000000 0.000000 0.000000 1.000000
0.999731 0.016342 -0.016475 1.213472 -0.016498 0.999820 -0.009349 82.009338 0.016319 0.009619 0.999821 5.074547 0.000000 0.000000 0.000000 1.000000
0.999707 0.016686 -0.017526 1.233806 -0.016866 0.999806 -0.010179 82.002609 0.017353 0.010471 0.999795 5.004416 0.000000 0.000000 0.000000 1.000000
0.999682 0.017056 -0.018565 1.256396 -0.017260 0.999792 -0.010891 81.992249 0.018375 0.011208 0.999768 4.929291 0.000000 0.000000 0.000000 1.000000
0.999661 0.017478 -0.019297 1.281812 -0.017695 0.999782 -0.011093 81.974777 0.019099 0.011430 0.999752 4.852758 0.000000 0.000000 0.000000 1.000000
0.999650 0.017982 -0.019428 1.310625 -0.018186 0.999781 -0.010392 81.946724 0.019237 0.010741 0.999757 4.778403 0.000000 0.000000 0.000000 1.000000
0.999645 0.018542 -0.019127 1.341874 -0.018719 0.999784 -0.009069 81.911865 0.018955 0.009424 0.999776 4.706219 0.000000 0.000000 0.000000 1.000000
0.999641 0.019116 -0.018763 1.374113 -0.019263 0.999785 -0.007672 81.876312 0.018612 0.008031 0.999795 4.633835 0.000000 0.000000 0.000000 1.000000
0.999638 0.019701 -0.018340 1.407186 -0.019818 0.999784 -0.006204 81.840073 0.018214 0.006565 0.999813 4.561289 0.000000 0.000000 0.000000 1.000000
0.999634 0.020295 -0.017866 1.440937 -0.020382 0.999781 -0.004670 81.803123 0.017767 0.005032 0.999829 4.488622 0.000000 0.000000 0.000000 1.000000
0.999631 0.020896 -0.017345 1.475209 -0.020953 0.999776 -0.003074 81.765465 0.017277 0.003436 0.999845 4.415870 0.000000 0.000000 0.000000 1.000000
0.999628 0.021502 -0.016783 1.509847 -0.021529 0.999767 -0.001420 81.727097 0.016749 0.001781 0.999858 4.343075 0.000000 0.000000 0.000000 1.000000
0.999625 0.022110 -0.016186 1.544693 -0.022108 0.999756 0.000286 81.688011 0.016188 0.000072 0.999869 4.270274 0.000000 0.000000 0.000000 1.000000
0.999621 0.022718 -0.015559 1.579592 -0.022689 0.999740 0.002042 81.648209 0.015601 -0.001688 0.999877 4.197506 0.000000 0.000000 0.000000 1.000000
0.999617 0.023325 -0.014908 1.614387 -0.023270 0.999722 0.003842 81.607674 0.014993 -0.003494 0.999881 4.124812 0.000000 0.000000 0.000000 1.000000
0.999612 0.023928 -0.014239 1.648922 -0.023849 0.999699 0.005682 81.566406 0.014370 -0.005341 0.999882 4.052228 0.000000 0.000000 0.000000 1.000000
0.999607 0.024525 -0.013557 1.683040 -0.024424 0.999673 0.007559 81.524406 0.013738 -0.007225 0.999880 3.979795 0.000000 0.000000 0.000000 1.000000
0.999602 0.025115 -0.012868 1.716586 -0.024994 0.999643 0.009467 81.481667 0.013101 -0.009142 0.999872 3.907551 0.000000 0.000000 0.000000 1.000000
0.999596 0.025695 -0.012178 1.749403 -0.025556 0.999608 0.011403 81.438179 0.012466 -0.011087 0.999861 3.835535 0.000000 0.000000 0.000000 1.000000
0.999589 0.026264 -0.011493 1.781335 -0.026110 0.999570 0.013362 81.393944 0.011839 -0.013057 0.999845 3.763786 0.000000 0.000000 0.000000 1.000000
0.999582 0.026820 -0.010819 1.812225 -0.026652 0.999527 0.015340 81.348953 0.011225 -0.015046 0.999824 3.692343 0.000000 0.000000 0.000000 1.000000
0.999574 0.027361 -0.010161 1.841917 -0.027182 0.999480 0.017334 81.303200 0.010630 -0.017050 0.999798 3.621245 0.000000 0.000000 0.000000 1.000000
0.999566 0.027885 -0.009525 1.870255 -0.027697 0.999429 0.019338 81.256683 0.010059 -0.019066 0.999768 3.550531 0.000000 0.000000 0.000000 1.000000
0.999569 0.028099 -0.008533 1.873392 -0.027891 0.999334 0.023545 81.178101 0.009189 -0.023297 0.999686 3.500335 0.000000 0.000000 0.000000 1.000000
0.999575 0.028060 -0.007883 1.835197 -0.027831 0.999224 0.027860 81.055649 0.008658 -0.027629 0.999581 3.438731 0.000000 0.000000 0.000000 1.000000
0.999574 0.028081 -0.007960 1.779297 -0.027830 0.999161 0.030049 80.919868 0.008797 -0.029815 0.999517 3.344685 0.000000 0.000000 0.000000 1.000000
0.999572 0.028104 -0.008072 1.721844 -0.027830 0.999095 0.032170 80.782059 0.008969 -0.031932 0.999450 3.249300 0.000000 0.000000 0.000000 1.000000
0.999571 0.028127 -0.008215 1.663055 -0.027831 0.999026 0.034230 80.642586 0.009169 -0.033987 0.999380 3.152734 0.000000 0.000000 0.000000 1.000000
0.999569 0.028152 -0.008382 1.603142 -0.027831 0.998956 0.036236 80.501808 0.009394 -0.035988 0.999308 3.055143 0.000000 0.000000 0.000000 1.000000
0.999566 0.028176 -0.008571 1.542320 -0.027830 0.998883 0.038196 80.360092 0.009638 -0.037941 0.999233 2.956683 0.000000 0.000000 0.000000 1.000000
0.999564 0.028201 -0.008776 1.480805 -0.027827 0.998807 0.040117 80.217804 0.009897 -0.039855 0.999156 2.857512 0.000000 0.000000 0.000000 1.000000
0.999561 0.028224 -0.008993 1.418809 -0.027822 0.998730 0.042006 80.075302 0.010168 -0.041737 0.999077 2.757787 0.000000 0.000000 0.000000 1.000000
0.999559 0.028245 -0.009218 1.356548 -0.027815 0.998650 0.043869 79.932945 0.010444 -0.043594 0.998995 2.657663 0.000000 0.000000 0.000000 1.000000
0.999556 0.028264 -0.009445 1.294235 -0.027804 0.998568 0.045715 79.791107 0.010723 -0.045432 0.998910 2.557298 0.000000 0.000000 0.000000 1.000000
0.999553 0.028280 -0.009670 1.232086 -0.027789 0.998482 0.047550 79.650154 0.011000 -0.047260 0.998822 2.456848 0.000000 0.000000 0.000000 1.000000
0.999551 0.028292 -0.009889 1.170314 -0.027770 0.998394 0.049382 79.510429 0.011270 -0.049085 0.998731 2.356470 0.000000 0.000000 0.000000 1.000000
0.999549 0.028299 -0.010097 1.109134 -0.027746 0.998302 0.051217 79.372314 0.011529 -0.050914 0.998637 2.256321 0.000000 0.000000 0.000000 1.000000
0.999546 0.028301 -0.010289 1.048760 -0.027717 0.998206 0.053063 79.236168 0.011773 -0.052754 0.998538 2.156558 0.000000 0.000000 0.000000 1.000000
0.999545 0.028297 -0.010462 0.989408 -0.027681 0.998107 0.054927 79.102356 0.011996 -0.054612 0.998436 2.057337 0.000000 0.000000 0.000000 1.000000
0.999559 0.027866 -0.010303 0.953631 -0.027247 0.998059 0.056006 79.067734 0.011844 -0.055701 0.998377 1.955264 0.000000 0.000000 0.000000 1.000000
0.999571 0.027475 -0.010191 0.912832 -0.026853 0.998025 0.056792 79.038750 0.011732 -0.056494 0.998334 1.861370 0.000000 0.000000 0.000000 1.000000
0.999591 0.026682 -0.010255 0.858769 -0.026052 0.998016 0.057313 79.010406 0.011764 -0.057022 0.998304 1.782149 0.000000 0.000000 0.000000 1.000000
0.999613 0.025839 -0.010300 0.806027 -0.025206 0.998029 0.057464 78.984245 0.011765 -0.057183 0.998294 1.713172 0.000000 0.000000 0.000000 1.000000
0.999634 0.025041 -0.010249 0.760926 -0.024417 0.998072 0.057054 78.961678 0.011658 -0.056783 0.998318 1.656621 0.000000 0.000000 0.000000 1.000000
0.999654 0.024261 -0.010156 0.718865 -0.023652 0.998129 0.056383 78.940788 0.011504 -0.056123 0.998358 1.606243 0.000000 0.000000 0.000000 1.000000
0.999672 0.023589 -0.009993 0.680029 -0.022999 0.998192 0.055538 78.921333 0.011285 -0.055290 0.998407 1.560318 0.000000 0.000000 0.000000 1.000000
0.999679 0.023485 -0.009482 0.657378 -0.022942 0.998285 0.053855 78.909019 0.010731 -0.053620 0.998504 1.536090 0.000000 0.000000 0.000000 1.000000
0.999676 0.023652 -0.009453 0.646125 -0.023126 0.998360 0.052370 78.886414 0.010676 -0.052134 0.998583 1.538539 0.000000 0.000000 0.000000 1.000000
0.999671 0.023853 -0.009473 0.635794 -0.023342 0.998432 0.050884 78.862556 0.010671 -0.050646 0.998660 1.544716 0.000000 0.000000 0.000000 1.000000
0.999664 0.024081 -0.009572 0.627911 -0.023579 0.998497 0.049483 78.837601 0.010749 -0.049241 0.998729 1.552477 0.000000 0.000000 0.000000 1.000000
0.999656 0.024330 -0.009781 0.624001 -0.023831 0.998551 0.048250 78.811707 0.010941 -0.048000 0.998787 1.559680 0.000000 0.000000 0.000000 1.000000
0.999645 0.024617 -0.010168 0.625510 -0.024110 0.998592 0.047253 78.784569 0.011317 -0.046991 0.998831 1.566165 0.000000 0.000000 0.000000 1.000000
0.999632 0.024937 -0.010696 0.631277 -0.024415 0.998623 0.046433 78.756226 0.011839 -0.046155 0.998864 1.572936 0.000000 0.000000 0.000000 1.000000
0.999618 0.025257 -0.011241 0.638921 -0.024719 0.998650 0.045681 78.727325 0.012380 -0.045386 0.998893 1.579603 0.000000 0.000000 0.000000 1.000000
0.999606 0.025540 -0.011679 0.646057 -0.024992 0.998679 0.044890 78.698540 0.012810 -0.044581 0.998924 1.585776 0.000000 0.000000 0.000000 1.000000
0.999606 0.025604 -0.011491 0.654440 -0.025075 0.998716 0.044014 78.669182 0.012603 -0.043709 0.998965 1.588653 0.000000 0.000000 0.000000 1.000000
0.999622 0.025248 -0.010921 0.665905 -0.024754 0.998758 0.043245 78.637001 0.011999 -0.042958 0.999005 1.589950 0.000000 0.000000 0.000000 1.000000
0.999649 0.024503 -0.010029 0.679665 -0.024055 0.998801 0.042629 78.598259 0.011061 -0.042372 0.999041 1.590557 0.000000 0.000000 0.000000 1.000000
0.999674 0.023835 -0.009144 0.691632 -0.023433 0.998853 0.041765 78.551590 0.010129 -0.041537 0.999086 1.588059 0.000000 0.000000 0.000000 1.000000
0.999690 0.023451 -0.008333 0.701803 -0.023095 0.998913 0.040498 78.494125 0.009273 -0.040293 0.999145 1.586137 0.000000 0.000000 0.000000 1.000000
0.999702 0.023188 -0.007575 0.710172 -0.022875 0.998977 0.039005 78.431160 0.008472 -0.038820 0.999210 1.581786 0.000000 0.000000 0.000000 1.000000
0.999709 0.023074 -0.007082 0.709962 -0.022797 0.999055 0.037008 78.361710 0.007930 -0.036836 0.999290 1.557904 0.000000 0.000000 0.000000 1.000000
0.999710 0.023072 -0.006858 0.702290 -0.022822 0.999142 0.034571 78.287918 0.007650 -0.034404 0.999379 1.517077 0.000000 0.000000 0.000000 1.000000
0.999710 0.023115 -0.006738 0.692966 -0.022889 0.999226 0.031978 78.212769 0.007472 -0.031814 0.999466 1.473350 0.000000 0.000000 0.000000 1.000000
0.999709 0.023190 -0.006682 0.682257 -0.022985 0.999307 0.029280 78.136543 0.007357 -0.029118 0.999549 1.426815 0.000000 0.000000 0.000000 1.000000
0.999707 0.023280 -0.006651 0.670431 -0.023096 0.999381 0.026528 78.059494 0.007265 -0.026367 0.999626 1.377564 0.000000 0.000000 0.000000 1.000000
0.999705 0.023372 -0.006605 0.657755 -0.023209 0.999448 0.023772 77.981873 0.007157 -0.023612 0.999696 1.325689 0.000000 0.000000 0.000000 1.000000
0.999704 0.023451 -0.006505 0.644496 -0.023310 0.999506 0.021062 77.903915 0.006996 -0.020905 0.999757 1.271282 0.000000 0.000000 0.000000 1.000000
0.999704 0.023505 -0.006310 0.630921 -0.023385 0.999556 0.018450 77.825905 0.006741 -0.018297 0.999810 1.214434 0.000000 0.000000 0.000000 1.000000
0.999705 0.023521 -0.005980 0.617298 -0.023422 0.999598 0.015985 77.748085 0.006353 -0.015841 0.999854 1.155236 0.000000 0.000000 0.000000 1.000000
0.999712 0.023448 -0.005094 0.601147 -0.023375 0.999630 0.013913 77.660072 0.005418 -0.013790 0.999890 1.077056 0.000000 0.000000 0.000000 1.000000
0.999723 0.023260 -0.003720 0.581485 -0.023212 0.999655 0.012294 77.570404 0.004005 -0.012204 0.999918 0.981084 0.000000 0.000000 0.000000 1.000000
0.999733 0.022969 -0.002550 0.560825 -0.022940 0.999677 0.010901 77.507675 0.002799 -0.010840 0.999937 0.894147 0.000000 0.000000 0.000000 1.000000
0.999744 0.022539 -0.001860 0.539818 -0.022520 0.999699 0.009738 77.485886 0.002079 -0.009693 0.999951 0.826511 0.000000 0.000000 0.000000 1.000000
0.999757 0.022003 -0.001374 0.517813 -0.021990 0.999719 0.008801 77.491051 0.001568 -0.008768 0.999960 0.767911 0.000000 0.000000 0.000000 1.000000
0.999769 0.021480 -0.000954 0.495365 -0.021472 0.999739 0.007856 77.509819 0.001122 -0.007834 0.999969 0.714373 0.000000 0.000000 0.000000 1.000000
0.999778 0.021054 -0.000816 0.470888 -0.021048 0.999755 0.006795 77.592178 0.000959 -0.006776 0.999977 0.684822 0.000000 0.000000 0.000000 1.000000
0.999778 0.021078 -0.000720 0.448367 -0.021073 0.999759 0.006162 77.703400 0.000850 -0.006145 0.999981 0.688089 0.000000 0.000000 0.000000 1.000000
0.999776 0.021165 -0.000630 0.426121 -0.021161 0.999760 0.005589 77.818680 0.000748 -0.005575 0.999984 0.695977 0.000000 0.000000 0.000000 1.000000
0.999773 0.021277 -0.000543 0.403985 -0.021274 0.999761 0.005041 77.935593 0.000650 -0.005028 0.999987 0.705715 0.000000 0.000000 0.000000 1.000000
0.999771 0.021377 -0.000454 0.381793 -0.021375 0.999761 0.004480 78.051689 0.000550 -0.004469 0.999990 0.714527 0.000000 0.000000 0.000000 1.000000</float_array><technique_common><accessor source="#Hips-Matrix-animation-output-transform-array" count="159" stride="16"><param type="float4x4"/></accessor></technique_common></source><source id="Hips-Interpolations"><Name_array id="Hips-Interpolations-array" count="159">
 LINEAR LINEAR LINEAR LINEAR LINEAR LINEAR LINEAR LINEAR LINEAR LINEAR LINEAR
LINEAR LINEAR LINEAR LINEAR LINEAR LINEAR LINEAR LINEAR LINEAR LINEAR LINEAR LINEAR
LINEAR LINEAR LINEAR LINEAR LINEAR LINEAR LINEAR LINEAR LINEAR LINEAR LINEAR LINEAR
LINEAR LINEAR LINEAR LINEAR LINEAR LINEAR LINEAR LINEAR LINEAR LINEAR LINEAR LINEAR
LINEAR LINEAR LINEAR LINEAR LINEAR LINEAR LINEAR LINEAR LINEAR LINEAR LINEAR LINEAR
LINEAR LINEAR LINEAR LINEAR LINEAR LINEAR LINEAR LINEAR LINEAR LINEAR LINEAR LINEAR
LINEAR LINEAR LINEAR LINEAR LINEAR LINEAR LINEAR LINEAR LINEAR LINEAR LINEAR LINEAR
LINEAR LINEAR LINEAR LINEAR LINEAR LINEAR LINEAR LINEAR LINEAR LINEAR LINEAR LINEAR
LINEAR LINEAR LINEAR LINEAR LINEAR LINEAR LINEAR LINEAR LINEAR LINEAR LINEAR LINEAR
LINEAR LINEAR LINEAR LINEAR LINEAR LINEAR LINEAR LINEAR LINEAR LINEAR LINEAR LINEAR
LINEAR LINEAR LINEAR LINEAR LINEAR LINEAR LINEAR LINEAR LINEAR LINEAR LINEAR LINEAR
LINEAR LINEAR LINEAR LINEAR LINEAR LINEAR LINEAR LINEAR LINEAR LINEAR LINEAR LINEAR
LINEAR LINEAR LINEAR LINEAR LINEAR LINEAR LINEAR LINEAR LINEAR LINEAR LINEAR LINEAR
LINEAR LINEAR LINEAR LINEAR</Name_array><technique_common><accessor source="#Hips-Interpolations-array" count="159"><param type="name"/></accessor></technique_common></source><sampler id="Hips-Matrix-animation-transform"><input semantic="INPUT" source="#Hips-Matrix-animation-input"/><input semantic="OUTPUT" source="#Hips-Matrix-animation-output-transform"/><input semantic="INTERPOLATION" source="#Hips-Interpolations"/></sampler><channel source="#Hips-Matrix-animation-transform" target="Hips/matrix"/></animation>
    <animation id="Spine-anim" name="Spine"><source id="Spine-Matrix-animation-input"><float_array id="Spine-Matrix-animation-input-array" count="159">

0.000000 0.033333 0.066667 0.100000 0.133333 0.166667 0.200000 0.233333 0.266667 0.300000 0.333333 0.366667 0.400000 0.433333 0.466667 0.500000
0.533333 0.566667 0.600000 0.633333 0.666667 0.700000 0.733333 0.766667 0.800000 0.833333 0.866667 0.900000 0.933333 0.966667 1.000000 1.033333
1.066667 1.100000 1.133333 1.166667 1.200000 1.233333 1.266667 1.300000 1.333333 1.366667 1.400000 1.433333 1.466667 1.500000 1.533333 1.566667
1.600000 1.633333 1.666667 1.700000 1.733333 1.766667 1.800000 1.833333 1.866667 1.900000 1.933333 1.966667 2.000000 2.033333 2.066667 2.100000
2.133333 2.166667 2.200000 2.233333 2.266667 2.300000 2.333333 2.366667 2.400000 2.433333 2.466667 2.500000 2.533333 2.566667 2.600000 2.633333
2.666667 2.700000 2.733333 2.766667 2.800000 2.833333 2.866667 2.900000 2.933333 2.966667 3.000000 3.033333 3.066667 3.100000 3.133333 3.166667
3.200000 3.233333 3.266667 3.300000 3.333333 3.366667 3.400000 3.433333 3.466667 3.500000 3.533333 3.566667 3.600000 3.633333 3.666667 3.700000
3.733333 3.766667 3.800000 3.833333 3.866667 3.900000 3.933333 3.966667 4.000000 4.033333 4.066667 4.100000 4.133333 4.166667 4.200000 4.233333
4.266667 4.300000 4.333333 4.366667 4.400000 4.433333 4.466667 4.500000 4.533333 4.566667 4.600000 4.633333 4.666667 4.700000 4.733333 4.766667
4.800000 4.833333 4.866667 4.900000 4.933333 4.966667 5.000000 5.033333 5.066667 5.100000 5.133333 5.166667 5.200000 5.233333 5.266667</float_array><technique_common><accessor source="#Spine-Matrix-animation-input-array" count="159"><param name="TIME" type="float"/></accessor></technique_common></source><source id="Spine-Matrix-animation-output-transform"><float_array id="Spine-Matrix-animation-output-transform-array" count="2544">

0.999942 -0.009172 0.005636 -0.279200 0.010399 0.958337 -0.285449 12.230700 -0.002784 0.285491 0.958377 -2.892100 0.000000 0.000000 0.000000 1.000000
0.999942 -0.009153 0.005638 -0.279200 0.010381 0.958348 -0.285413 12.230700 -0.002791 0.285455 0.958388 -2.892100 0.000000 0.000000 0.000000 1.000000
0.999942 -0.009134 0.005640 -0.279200 0.010363 0.958359 -0.285377 12.230700 -0.002798 0.285419 0.958399 -2.892100 0.000000 0.000000 0.000000 1.000000
0.999943 -0.009110 0.005635 -0.279200 0.010339 0.958381 -0.285306 12.230700 -0.002801 0.285348 0.958420 -2.892100 0.000000 0.000000 0.000000 1.000000
0.999943 -0.009070 0.005616 -0.279200 0.010295 0.958420 -0.285174 12.230700 -0.002795 0.285216 0.958459 -2.892100 0.000000 0.000000 0.000000 1.000000
0.999944 -0.009031 0.005589 -0.279200 0.010249 0.958490 -0.284943 12.230700 -0.002784 0.284984 0.958528 -2.892100 0.000000 0.000000 0.000000 1.000000
0.999944 -0.009002 0.005565 -0.279200 0.010214 0.958580 -0.284640 12.230700 -0.002772 0.284681 0.958618 -2.892100 0.000000 0.000000 0.000000 1.000000
0.999944 -0.008973 0.005541 -0.279200 0.010178 0.958673 -0.284327 12.230700 -0.002761 0.284367 0.958711 -2.892100 0.000000 0.000000 0.000000 1.000000
0.999945 -0.008947 0.005517 -0.279200 0.010145 0.958774 -0.283990 12.230700 -0.002749 0.284030 0.958811 -2.892100 0.000000 0.000000 0.000000 1.000000
0.999945 -0.008926 0.005494 -0.279200 0.010118 0.958885 -0.283615 12.230700 -0.002737 0.283655 0.958922 -2.892100 0.000000 0.000000 0.000000 1.000000
0.999945 -0.008914 0.005473 -0.279200 0.010099 0.959011 -0.283189 12.230700 -0.002724 0.283229 0.959048 -2.892100 0.000000 0.000000 0.000000 1.000000
0.999945 -0.008991 0.005464 -0.279200 0.010168 0.959300 -0.282205 12.230700 -0.002704 0.282245 0.959339 -2.892100 0.000000 0.000000 0.000000 1.000000
0.999944 -0.009068 0.005447 -0.279200 0.010234 0.959602 -0.281176 12.230700 -0.002677 0.281216 0.959641 -2.892100 0.000000 0.000000 0.000000 1.000000
0.999943 -0.009157 0.005422 -0.279200 0.010309 0.959935 -0.280032 12.230700 -0.002640 0.280072 0.959975 -2.892100 0.000000 0.000000 0.000000 1.000000
0.999942 -0.009308 0.005369 -0.279200 0.010435 0.960422 -0.278354 12.230700 -0.002566 0.278394 0.960463 -2.892100 0.000000 0.000000 0.000000 1.000000
0.999942 -0.009424 0.005270 -0.279200 0.010513 0.961088 -0.276042 12.230700 -0.002464 0.276082 0.961131 -2.892100 0.000000 0.000000 0.000000 1.000000
0.999941 -0.009533 0.005152 -0.279200 0.010579 0.961813 -0.273502 12.230700 -0.002348 0.273541 0.961858 -2.892100 0.000000 0.000000 0.000000 1.000000
0.999941 -0.009644 0.004982 -0.279200 0.010632 0.962672 -0.270463 12.230700 -0.002187 0.270500 0.962717 -2.892100 0.000000 0.000000 0.000000 1.000000
0.999940 -0.009849 0.004761 -0.279200 0.010763 0.963583 -0.267194 12.230700 -0.001956 0.267230 0.963631 -2.892100 0.000000 0.000000 0.000000 1.000000
0.999938 -0.010151 0.004489 -0.279200 0.010976 0.964521 -0.263778 12.230700 -0.001652 0.263812 0.964573 -2.892100 0.000000 0.000000 0.000000 1.000000
0.999937 -0.010416 0.004236 -0.279200 0.011160 0.965440 -0.260388 12.230700 -0.001377 0.260418 0.965495 -2.892100 0.000000 0.000000 0.000000 1.000000
0.999936 -0.010554 0.004056 -0.279200 0.011242 0.966319 -0.257101 12.230700 -0.001206 0.257131 0.966376 -2.892100 0.000000 0.000000 0.000000 1.000000
0.999936 -0.010594 0.003922 -0.279200 0.011242 0.967147 -0.253969 12.230700 -0.001102 0.253997 0.967204 -2.892100 0.000000 0.000000 0.000000 1.000000
0.999937 -0.010551 0.003828 -0.279200 0.011174 0.967905 -0.251069 12.230700 -0.001056 0.251096 0.967962 -2.892100 0.000000 0.000000 0.000000 1.000000
0.999939 -0.010374 0.003754 -0.279200 0.010981 0.968598 -0.248391 12.230700 -0.001059 0.248417 0.968653 -2.892100 0.000000 0.000000 0.000000 1.000000
0.999942 -0.010131 0.003715 -0.279200 0.010733 0.969246 -0.245861 12.230700 -0.001110 0.245886 0.969298 -2.892100 0.000000 0.000000 0.000000 1.000000
0.999949 -0.009472 0.003593 -0.279200 0.010062 0.969789 -0.243738 12.230700 -0.001176 0.243762 0.969834 -2.892100 0.000000 0.000000 0.000000 1.000000
0.999961 -0.008229 0.003319 -0.279200 0.008787 0.970206 -0.242122 12.230700 -0.001227 0.242141 0.970240 -2.892100 0.000000 0.000000 0.000000 1.000000
0.999972 -0.006787 0.003001 -0.279200 0.007310 0.970575 -0.240687 12.230700 -0.001279 0.240702 0.970598 -2.892100 0.000000 0.000000 0.000000 1.000000
0.999983 -0.005243 0.002656 -0.279200 0.005726 0.970923 -0.239325 12.230700 -0.001324 0.239336 0.970936 -2.892100 0.000000 0.000000 0.000000 1.000000
0.999991 -0.003691 0.002300 -0.279200 0.004132 0.971275 -0.237926 12.230700 -0.001355 0.237933 0.971281 -2.892100 0.000000 0.000000 0.000000 1.000000
0.999997 -0.001864 0.001775 -0.279200 0.002231 0.971634 -0.236478 12.230700 -0.001284 0.236481 0.971635 -2.892100 0.000000 0.000000 0.000000 1.000000
0.999999 -0.000115 0.001321 -0.279200 0.000421 0.972078 -0.234656 12.230700 -0.001258 0.234657 0.972078 -2.892100 0.000000 0.000000 0.000000 1.000000
0.999998 0.001603 0.000906 -0.279200 -0.001348 0.972550 -0.232689 12.230700 -0.001254 0.232687 0.972551 -2.892100 0.000000 0.000000 0.000000 1.000000
0.999995 0.003238 0.000592 -0.279200 -0.003014 0.973099 -0.230369 12.230700 -0.001322 0.230366 0.973103 -2.892100 0.000000 0.000000 0.000000 1.000000
0.999988 0.004816 0.000337 -0.279200 -0.004612 0.973700 -0.227788 12.230700 -0.001425 0.227784 0.973711 -2.892100 0.000000 0.000000 0.000000 1.000000
0.999981 0.006114 0.000210 -0.279200 -0.005909 0.974310 -0.225131 12.230700 -0.001581 0.225126 0.974328 -2.892100 0.000000 0.000000 0.000000 1.000000
0.999975 0.007011 0.000248 -0.279200 -0.006781 0.974933 -0.222395 12.230700 -0.001801 0.222388 0.974957 -2.892100 0.000000 0.000000 0.000000 1.000000
0.999969 0.007824 0.000321 -0.279200 -0.007563 0.975564 -0.219587 12.230700 -0.002032 0.219578 0.975593 -2.892100 0.000000 0.000000 0.000000 1.000000
0.999963 0.008560 0.000433 -0.279200 -0.008262 0.976181 -0.216802 12.230700 -0.002278 0.216790 0.976216 -2.892100 0.000000 0.000000 0.000000 1.000000
0.999957 0.009225 0.000583 -0.279200 -0.008886 0.976764 -0.214132 12.230700 -0.002545 0.214118 0.976804 -2.892100 0.000000 0.000000 0.000000 1.000000
0.999951 0.009828 0.000775 -0.279200 -0.009441 0.977295 -0.211674 12.230700 -0.002838 0.211657 0.977340 -2.892100 0.000000 0.000000 0.000000 1.000000
0.999946 0.010342 0.000997 -0.279200 -0.009904 0.977769 -0.209451 12.230700 -0.003141 0.209430 0.977819 -2.892100 0.000000 0.000000 0.000000 1.000000
0.999941 0.010746 0.001264 -0.279200 -0.010250 0.978192 -0.207449 12.230700 -0.003466 0.207424 0.978245 -2.892100 0.000000 0.000000 0.000000 1.000000
0.999938 0.011054 0.001614 -0.279200 -0.010486 0.978558 -0.205705 12.230700 -0.003853 0.205675 0.978613 -2.892100 0.000000 0.000000 0.000000 1.000000
0.999934 0.011280 0.002085 -0.279200 -0.010617 0.978860 -0.204256 12.230700 -0.004345 0.204220 0.978915 -2.892100 0.000000 0.000000 0.000000 1.000000
0.999931 0.011456 0.002685 -0.279200 -0.010672 0.979110 -0.203052 12.230700 -0.004956 0.203009 0.979164 -2.892100 0.000000 0.000000 0.000000 1.000000
0.999927 0.011588 0.003375 -0.279200 -0.010668 0.979322 -0.202025 12.230700 -0.005646 0.201974 0.979375 -2.892100 0.000000 0.000000 0.000000 1.000000
0.999924 0.011659 0.004123 -0.279200 -0.010591 0.979497 -0.201180 12.230700 -0.006384 0.201121 0.979546 -2.892100 0.000000 0.000000 0.000000 1.000000
0.999920 0.011648 0.004900 -0.279200 -0.010429 0.979633 -0.200527 12.230700 -0.007135 0.200460 0.979676 -2.892100 0.000000 0.000000 0.000000 1.000000
0.999917 0.011537 0.005675 -0.279200 -0.010168 0.979729 -0.200071 12.230700 -0.007868 0.199997 0.979765 -2.892100 0.000000 0.000000 0.000000 1.000000
0.999915 0.011339 0.006455 -0.279200 -0.009821 0.979797 -0.199755 12.230700 -0.008589 0.199675 0.979825 -2.892100 0.000000 0.000000 0.000000 1.000000
0.999912 0.011090 0.007257 -0.279200 -0.009419 0.979850 -0.199512 12.230700 -0.009323 0.199426 0.979869 -2.892100 0.000000 0.000000 0.000000 1.000000
0.999909 0.010802 0.008075 -0.279200 -0.008976 0.979891 -0.199329 12.230700 -0.010065 0.199239 0.979899 -2.892100 0.000000 0.000000 0.000000 1.000000
0.999905 0.010487 0.008900 -0.279200 -0.008505 0.979922 -0.199198 12.230700 -0.010810 0.199104 0.979919 -2.892100 0.000000 0.000000 0.000000 1.000000
0.999901 0.010160 0.009724 -0.279200 -0.008021 0.979945 -0.199108 12.230700 -0.011552 0.199010 0.979929 -2.892100 0.000000 0.000000 0.000000 1.000000
0.999896 0.009832 0.010540 -0.279200 -0.007538 0.979961 -0.199047 12.230700 -0.012286 0.198947 0.979933 -2.892100 0.000000 0.000000 0.000000 1.000000
0.999890 0.009517 0.011339 -0.279200 -0.007071 0.979973 -0.199007 12.230700 -0.013006 0.198905 0.979932 -2.892100 0.000000 0.000000 0.000000 1.000000
0.999884 0.009227 0.012114 -0.279200 -0.006633 0.979982 -0.198977 12.230700 -0.013707 0.198873 0.979929 -2.892100 0.000000 0.000000 0.000000 1.000000
0.999877 0.008975 0.012856 -0.279200 -0.006239 0.979991 -0.198946 12.230700 -0.014385 0.198842 0.979926 -2.892100 0.000000 0.000000 0.000000 1.000000
0.999870 0.008773 0.013558 -0.279200 -0.005902 0.980001 -0.198906 12.230700 -0.015032 0.198800 0.979925 -2.892100 0.000000 0.000000 0.000000 1.000000
0.999862 0.008643 0.014199 -0.279200 -0.005647 0.980007 -0.198882 12.230700 -0.015634 0.198774 0.979921 -2.892100 0.000000 0.000000 0.000000 1.000000
0.999854 0.008584 0.014774 -0.279200 -0.005474 0.980004 -0.198902 12.230700 -0.016186 0.198792 0.979908 -2.892100 0.000000 0.000000 0.000000 1.000000
0.999846 0.008574 0.015300 -0.279200 -0.005359 0.979994 -0.198954 12.230700 -0.016699 0.198842 0.979889 -2.892100 0.000000 0.000000 0.000000 1.000000
0.999838 0.008593 0.015791 -0.279200 -0.005279 0.979980 -0.199028 12.230700 -0.017186 0.198913 0.979867 -2.892100 0.000000 0.000000 0.000000 1.000000
0.999831 0.008621 0.016265 -0.279200 -0.005211 0.979963 -0.199112 12.230700 -0.017656 0.198993 0.979842 -2.892100 0.000000 0.000000 0.000000 1.000000
0.999823 0.008637 0.016738 -0.279200 -0.005131 0.979947 -0.199194 12.230700 -0.018123 0.199073 0.979817 -2.892100 0.000000 0.000000 0.000000 1.000000
0.999814 0.008621 0.017225 -0.279200 -0.005016 0.979933 -0.199264 12.230700 -0.018597 0.199141 0.979794 -2.892100 0.000000 0.000000 0.000000 1.000000
0.999810 0.008451 0.017555 -0.279200 -0.004782 0.979909 -0.199387 12.230700 -0.018888 0.199265 0.979764 -2.892100 0.000000 0.000000 0.000000 1.000000
